424
NULL 0 NULL 0
Joined 0 0,255,0,255,486,1218,0,30,486,1188 NULL 0 0 0 	# Joined [4a 6f 69 6e 65 64 ]
|Broken|0|1 0 0,255,0,255,892,2138,0,80,892,2058 NULL 0 0 0 	# Broken
! 22 0,255,0,255,21,112,12,98,68,238 Common 3 10 3 !	# ! [21 ]p
" 22 0,255,0,255,58,145,9,98,83,238 Common 4 10 4 "	# " [22 ]p
# 22 26,69,221,255,118,208,0,56,132,238 Common 5 4 5 #	# # [23 ]p
$ 0 14,51,236,255,91,205,0,50,132,238 Common 6 4 6 $	# $ [24 ]
% 22 54,66,224,255,129,294,0,68,132,337 Common 7 4 7 %	# % [25 ]p
& 22 0,255,0,255,128,253,0,65,132,284 Common 8 10 8 &	# & [26 ]p
' 22 0,255,0,255,26,65,9,133,49,238 Common 9 10 9 '	# ' [27 ]p
( 22 0,255,0,255,49,161,8,133,71,238 Common 10 10 11 (	# ( [28 ]p
) 22 0,255,0,255,49,164,0,59,71,238 Common 11 10 10 )	# ) [29 ]p
* 22 0,255,0,255,82,175,2,83,101,238 Common 12 10 12 *	# * [2a ]p
+ 0 58,104,177,255,113,208,7,50,132,238 Common 13 3 13 +	# + [2b ]
, 22 0,255,0,255,26,107,0,75,54,238 Common 14 6 14 ,	# , [2c ]p
- 22 0,255,0,255,76,208,0,59,98,238 Common 15 3 15 -	# - [2d ]p
. 22 0,255,0,255,26,67,0,92,54,238 Common 16 6 16 .	# . [2e ]p
/ 22 0,255,0,255,76,243,0,44,83,238 Common 17 6 17 /	# / [2f ]p
0 8 0,255,0,255,109,190,5,62,132,238 Common 18 2 18 0	# 0 [30 ]0
1 8 0,255,0,255,82,175,0,65,132,238 Common 19 2 19 1	# 1 [31 ]0
2 8 0,255,0,255,91,220,0,32,132,238 Common 20 2 20 2	# 2 [32 ]0
3 8 0,255,0,255,88,211,0,44,132,238 Common 21 2 21 3	# 3 [33 ]0
4 8 0,255,0,255,109,198,0,56,132,238 Common 22 2 22 4	# 4 [34 ]0
5 8 0,255,0,255,81,211,0,44,132,238 Common 23 2 23 5	# 5 [35 ]0
6 8 0,255,0,255,103,205,6,74,132,238 Common 24 2 24 6	# 6 [36 ]0
7 8 0,255,0,255,96,184,4,83,132,238 Common 25 2 25 7	# 7 [37 ]0
8 8 0,255,0,255,101,196,0,56,132,238 Common 26 2 26 8	# 8 [38 ]0
9 8 0,255,0,255,103,202,0,53,132,238 Common 27 2 27 9	# 9 [39 ]0
: 22 0,255,0,255,21,91,8,92,54,238 Common 28 6 28 :	# : [3a ]p
; 22 0,255,0,255,21,128,0,74,54,238 Common 29 10 29 ;	# ; [3b ]p
< 0 56,107,178,255,113,236,0,50,132,238 Common 30 10 32 <	# < [3c ]
= 0 0,255,0,255,113,223,7,35,132,238 Common 31 10 31 =	# = [3d ]
> 0 56,107,178,255,113,236,5,35,132,238 Common 32 10 30 >	# > [3e ]
? 22 0,255,0,255,86,187,3,89,93,238 Common 33 10 33 ?	# ? [3f ]p
@ 22 0,61,224,255,114,343,0,53,132,367 Common 34 10 34 @	# @ [40 ]p
A 5 0,255,0,255,100,216,0,17,98,231 Latin 67 0 35 A	# A [41 ]A
B 5 0,255,0,255,91,227,0,27,106,227 Latin 68 0 36 B	# B [42 ]A
C 5 0,255,0,255,87,192,0,32,107,209 Latin 69 0 37 C	# C [43 ]A
D 5 0,255,0,255,93,230,0,27,107,236 Latin 70 0 38 D	# D [44 ]A
E 5 0,255,0,255,68,210,0,31,80,219 Latin 71 0 39 E	# E [45 ]A
F 5 0,255,0,255,68,210,0,31,77,209 Latin 72 0 40 F	# F [46 ]A
G 5 0,255,0,255,91,230,0,30,106,230 Latin 73 0 41 G	# G [47 ]A
H 5 0,255,0,255,91,258,0,27,107,244 Latin 74 0 42 H	# H [48 ]A
I 5 0,255,0,255,10,155,0,50,29,173 Latin 75 0 43 I	# I [49 ]A
J 5 0,255,0,255,39,242,0,30,62,234 Latin 76 0 44 J	# J [4a ]A
K 5 0,255,0,255,92,225,0,37,103,216 Latin 77 0 45 K	# K [4b ]A
L 5 0,255,0,255,64,193,0,31,74,206 Latin 78 0 46 L	# L [4c ]A
M 5 0,255,0,255,99,301,0,35,117,286 Latin 79 0 47 M	# M [4d ]A
N 5 0,255,0,255,87,262,0,27,104,249 Latin 80 0 48 N	# N [4e ]A
O 5 0,255,0,255,91,209,0,34,106,233 Latin 81 0 49 O	# O [4f ]A
P 5 0,255,0,255,87,225,0,32,97,230 Latin 82 0 50 P	# P [50 ]A
Q 5 0,255,0,255,91,205,0,30,106,227 Latin 83 0 51 Q	# Q [51 ]A
R 5 0,255,0,255,88,227,0,27,104,232 Latin 84 0 52 R	# R [52 ]A
S 5 0,255,0,255,87,174,0,30,100,200 Latin 85 0 53 S	# S [53 ]A
T 5 0,255,0,255,85,227,0,47,88,236 Latin 86 0 54 T	# T [54 ]A
U 5 0,255,0,255,91,214,0,39,106,220 Latin 87 0 55 U	# U [55 ]A
V 5 0,255,0,255,103,207,0,41,101,245 Latin 88 0 56 V	# V [56 ]A
W 5 0,255,0,255,106,314,0,41,117,318 Latin 89 0 57 W	# W [57 ]A
X 5 0,255,0,255,94,275,0,25,93,256 Latin 90 0 58 X	# X [58 ]A
Y 5 0,255,0,255,91,205,0,47,91,223 Latin 91 0 59 Y	# Y [59 ]A
Z 5 0,255,0,255,72,218,0,30,77,236 Latin 92 0 60 Z	# Z [5a ]A
[ 22 0,33,233,255,43,178,0,110,71,238 Common 61 10 63 [	# [ [5b ]p
\ 22 16,66,221,255,38,172,0,98,83,238 Common 62 10 62 \	# \ [5c ]p
] 22 0,33,233,255,43,178,0,59,71,238 Common 63 10 61 ]	# ] [5d ]p
^ 0 95,206,223,255,116,175,0,74,132,238 Common 64 10 64 ^	# ^ [5e ]
_ 22 0,48,0,64,90,244,0,9,109,238 Common 65 10 65 _	# _ [5f ]p
` 0 200,253,233,255,43,77,2,100,98,222 Common 66 10 66 '	# ` [60 ]
a 3 0,255,0,255,85,164,0,26,97,185 Latin 35 0 67 a	# a [61 ]a
b 3 0,255,0,255,87,180,0,25,100,200 Latin 36 0 68 b	# b [62 ]a
c 3 0,255,0,255,80,153,0,36,88,178 Latin 37 0 69 c	# c [63 ]a
d 3 0,255,0,255,88,174,0,28,100,200 Latin 38 0 70 d	# d [64 ]a
e 3 0,255,0,255,87,154,0,32,98,188 Latin 39 0 71 e	# e [65 ]a
f 3 0,255,0,255,54,175,0,42,55,193 Latin 40 0 72 f	# f [66 ]a
g 3 0,255,0,255,88,176,0,32,100,210 Latin 41 0 73 g	# g [67 ]a
h 3 0,255,0,255,87,187,0,25,101,208 Latin 42 0 74 h	# h [68 ]a
i 3 0,255,0,255,11,141,0,54,27,173 Latin 43 0 75 i	# i [69 ]a
j 3 0,255,0,255,36,145,0,49,50,173 Latin 44 0 76 j	# j [6a ]a
k 3 0,255,0,255,85,177,0,35,93,198 Latin 45 0 77 k	# k [6b ]a
l 3 0,255,0,255,11,147,0,56,27,173 Latin 46 0 78 l	# l [6c ]a
m 3 0,255,0,255,108,280,0,25,117,306 Latin 47 0 79 m	# m [6d ]a
n 3 0,255,0,255,87,187,0,25,101,208 Latin 48 0 80 n	# n [6e ]a
o 3 0,255,0,255,87,151,0,32,98,185 Latin 49 0 81 o	# o [6f ]a
p 3 0,255,0,255,87,180,0,25,100,200 Latin 50 0 82 p	# p [70 ]a
q 3 0,255,0,255,88,196,0,30,100,200 Latin 51 0 83 q	# q [71 ]a
r 3 0,255,0,255,58,173,0,40,69,180 Latin 52 0 84 r	# r [72 ]a
s 3 0,255,0,255,78,147,0,30,91,173 Latin 53 0 85 s	# s [73 ]a
t 3 0,255,0,255,57,167,0,47,59,180 Latin 54 0 86 t	# t [74 ]a
u 3 0,255,0,255,85,184,0,39,100,208 Latin 55 0 87 u	# u [75 ]a
v 3 0,255,0,255,84,173,0,32,84,218 Latin 56 0 88 v	# v [76 ]a
w 3 0,255,0,255,108,235,0,32,117,286 Latin 57 0 89 w	# w [77 ]a
x 3 0,255,0,255,85,189,0,25,84,218 Latin 58 0 90 x	# x [78 ]a
y 3 0,255,0,255,87,199,0,25,87,230 Latin 59 0 91 y	# y [79 ]a
z 3 0,255,0,255,65,151,0,32,68,173 Latin 60 0 92 z	# z [7a ]a
{ 22 0,33,233,255,54,169,0,98,71,238 Common 93 10 95 {	# { [7b ]p
| 0 0,255,0,255,10,98,16,110,64,238 Common 94 10 94 |	# | [7c ]
} 22 0,33,233,255,54,171,0,77,71,238 Common 95 10 93 }	# } [7d ]p
~ 0 100,159,142,227,113,196,0,56,132,238 Common 96 10 96 ~	# ~ [7e ]
ö 3 0,255,0,255,87,248,0,32,98,256 Latin 118 0 97 ö	# ö [f6 ]a
ſ 3 0,255,0,255,48,175,0,43,54,173 Latin 53 0 98 s	# ſ [17f ]a
⸗ 22 0,255,0,255,106,109,20,21,149,150 Common 99 10 99 ⸗	# ⸗ [2e17 ]p
ß 3 0,255,0,255,93,555,0,76,104,565 Latin 100 0 100 ß	# ß [df ]a
ä 3 0,255,0,255,85,294,0,26,97,307 Latin 116 0 101 ä	# ä [e4 ]a
ü 3 0,255,0,255,85,220,0,39,100,225 Latin 115 0 102 ü	# ü [fc ]a
„ 22 0,255,0,255,63,187,0,44,88,238 Common 103 10 103 „	# „ [201e ]p
“ 22 0,255,0,255,63,166,8,89,88,238 Common 104 10 104 "	# “ [201c ]p
— 22 0,255,0,255,119,362,0,24,132,362 Common 105 10 105 -	# — [2014 ]p
§ 0 0,255,0,255,86,241,0,38,132,238 Common 106 10 106 §	# § [a7 ]
ꝛ 3 0,255,0,255,0,0,0,0,0,0 Latin 107 0 107 ꝛ	# ꝛ [a75b ]a
é 3 0,255,0,255,87,384,0,32,98,391 Latin 138 0 108 é	# é [e9 ]a
☛ 0 0,255,0,255,191,289,9,21,217,309 Common 109 10 109 ☛	# ☛ [261b ]
☚ 0 0,255,0,255,289,289,9,9,309,309 Common 110 10 110 ☚	# ☚ [261a ]
½ 0 0,255,0,255,128,283,0,65,132,338 Common 111 10 111 1⁄2	# ½ [bd ]
Ž 5 62,68,247,255,74,192,0,30,77,182 Latin 191 0 112 Ž	# Ž [17d ]A
á 3 0,64,222,255,85,414,0,26,97,412 Latin 113 0 113 á	# á [e1 ]a
· 22 105,172,135,218,26,62,11,110,69,238 Common 114 10 114 ·	# · [b7 ]p
Ü 5 0,255,0,255,91,291,0,39,106,299 Latin 102 0 115 Ü	# Ü [dc ]A
Ä 5 0,255,0,255,100,240,0,27,98,248 Latin 101 0 116 Ä	# Ä [c4 ]A
è 3 0,255,0,255,87,279,0,32,98,289 Latin 162 0 117 è	# è [e8 ]a
Ö 5 0,255,0,255,91,302,0,34,106,314 Latin 97 0 118 Ö	# Ö [d6 ]A
ʃ 3 0,255,0,255,60,177,0,24,57,173 Latin 119 0 119 ʃ	# ʃ [283 ]a
¾ 0 0,255,0,255,124,294,0,45,132,338 Common 120 10 120 3⁄4	# ¾ [be ]
à 3 0,255,0,255,85,407,0,26,97,407 Latin 312 0 121 à	# à [e0 ]a
² 0 0,255,0,255,59,136,0,89,89,238 Common 122 2 122 2	# ² [b2 ]
◻ 0 0,255,0,255,202,202,17,17,238,238 Common 123 10 123 ◻	# ◻ [25fb ]
ç 3 0,31,182,232,80,299,0,36,96,309 Latin 355 0 124 ç	# ç [e7 ]a
ï 3 0,69,217,255,42,284,0,42,47,291 Latin 125 0 125 ï	# ï [ef ]a
⅝ 0 0,255,0,255,129,288,0,29,132,302 Common 126 10 126 5⁄8	# ⅝ [215d ]
⅛ 0 0,255,0,255,129,280,0,33,132,302 Common 127 10 127 1⁄8	# ⅛ [215b ]
• 22 0,255,0,255,80,159,0,98,113,238 Common 128 10 128 •	# • [2022 ]p
⅞ 0 0,255,0,255,129,285,0,40,132,302 Common 129 10 129 7⁄8	# ⅞ [215e ]
˙ 0 200,252,223,255,21,50,29,130,98,222 Common 130 10 130 ˙	# ˙ [2d9 ]
‧ 22 113,122,147,148,26,34,9,33,54,69 Common 131 10 131 ‧	# ‧ [2027 ]p
¼ 0 0,255,0,255,128,283,0,65,132,338 Common 132 10 132 1⁄4	# ¼ [bc ]
⅜ 0 0,255,0,255,129,291,0,27,132,302 Common 133 10 133 3⁄8	# ⅜ [215c ]
ō 3 58,64,212,247,87,151,0,32,98,185 Latin 134 0 134 ō	# ō [14d ]a
° 0 159,248,226,255,49,145,10,113,61,238 Common 135 4 135 °	# ° [b0 ]
ë 3 0,255,0,255,87,468,0,32,98,481 Latin 136 0 136 ë	# ë [eb ]a
ê 3 0,64,222,255,87,409,0,32,98,407 Latin 137 0 137 ê	# ê [ea ]a
É 5 59,68,232,255,68,314,0,31,80,325 Latin 108 0 138 É	# É [c9 ]A
■ 0 58,69,182,255,118,238,0,45,132,321 Common 139 10 139 ■	# ■ [25a0 ]
⁰ 0 0,255,0,255,69,119,0,74,89,238 Common 140 2 140 0	# ⁰ [2070 ]
⁹ 0 0,255,0,255,69,125,0,80,89,238 Common 141 2 141 9	# ⁹ [2079 ]
¹ 0 0,255,0,255,43,110,6,98,89,238 Common 142 2 142 1	# ¹ [b9 ]
⁶ 0 0,255,0,255,69,128,0,77,89,238 Common 143 2 143 6	# ⁶ [2076 ]
⁴ 0 126,175,223,255,71,120,0,71,89,238 Common 144 2 144 4	# ⁴ [2074 ]
⁵ 0 0,255,0,255,54,130,0,71,89,238 Common 145 2 145 5	# ⁵ [2075 ]
⁷ 0 0,255,0,255,63,113,0,80,89,238 Common 146 2 146 7	# ⁷ [2077 ]
³ 0 0,255,0,255,59,130,0,95,89,238 Common 147 2 147 3	# ³ [b3 ]
⁸ 0 124,162,224,255,66,122,0,74,89,238 Common 148 2 148 8	# ⁸ [2078 ]
⬤ 0 0,255,0,255,0,0,0,0,0,0 Common 149 10 149 ⬤	# ⬤ [2b24 ]
△ 0 58,64,225,245,170,214,11,15,204,238 Common 150 10 150 △	# △ [25b3 ]
₃ 0 0,255,0,255,59,130,0,95,89,238 Common 151 2 151 3	# ₃ [2083 ]
ó 3 0,255,0,255,87,192,0,32,98,197 Latin 313 0 152 ó	# ó [f3 ]a
ő 3 0,255,0,255,87,164,0,32,98,173 Latin 153 0 153 ő	# ő [151 ]a
⁄ 0 0,255,0,255,64,250,0,33,0,238 Common 154 6 154 ⁄	# ⁄ [2044 ]
’ 22 0,255,0,255,26,107,9,99,54,238 Common 155 10 155 '	# ’ [2019 ]p
⸫ 22 0,255,0,255,0,0,0,0,0,0 Common 156 10 156 ⸫	# ⸫ [2e2b ]p
ò 3 0,64,222,255,87,192,0,32,98,202 Latin 281 0 157 ò	# ò [f2 ]a
ˢ 1 134,170,210,251,48,84,0,37,56,136 Latin 158 0 158 s	# ˢ [2e2 ]x
† 22 0,44,221,255,91,187,9,80,132,238 Common 159 10 159 †	# † [2020 ]p
ś 3 58,64,222,255,80,151,0,30,91,173 Latin 160 0 160 ś	# ś [15b ]a
ñ 3 61,68,214,255,87,407,0,25,101,414 Latin 161 0 161 ñ	# ñ [f1 ]a
È 5 0,68,232,255,68,220,0,31,80,225 Latin 117 0 162 È	# È [c8 ]A
ô 3 0,255,0,255,87,192,0,32,98,202 Latin 197 0 163 ô	# ô [f4 ]a
⅓ 0 0,255,0,255,161,283,0,65,177,302 Common 164 10 164 1⁄3	# ⅓ [2153 ]
₁ 0 0,255,0,255,43,110,6,98,89,238 Common 165 2 165 1	# ₁ [2081 ]
₉ 0 0,255,0,255,69,125,0,80,89,238 Common 166 2 166 9	# ₉ [2089 ]
₂ 0 0,255,0,255,59,136,0,92,89,238 Common 167 2 167 2	# ₂ [2082 ]
₀ 0 0,255,0,255,69,119,0,74,89,238 Common 168 2 168 0	# ₀ [2080 ]
₈ 0 0,255,0,255,66,122,0,74,89,238 Common 169 2 169 8	# ₈ [2088 ]
₅ 0 0,255,0,255,54,130,0,71,89,238 Common 170 2 170 5	# ₅ [2085 ]
₇ 0 0,64,126,160,63,113,0,83,89,238 Common 171 2 171 7	# ₇ [2087 ]
₆ 0 0,255,0,255,69,128,0,77,89,238 Common 172 2 172 6	# ₆ [2086 ]
⅚ 0 0,255,0,255,159,275,0,19,177,280 Common 173 10 173 5⁄6	# ⅚ [215a ]
⅔ 0 0,255,0,255,166,291,0,41,177,302 Common 174 10 174 2⁄3	# ⅔ [2154 ]
₄ 0 0,255,0,255,71,120,0,71,89,238 Common 175 2 175 4	# ₄ [2084 ]
⅖ 0 53,61,224,255,164,280,0,31,177,280 Common 176 10 176 2⁄5	# ⅖ [2156 ]
ř 3 62,68,222,255,67,173,0,40,69,173 Latin 177 0 177 ř	# ř [159 ]a
⅐ 0 0,255,0,255,0,0,0,0,0,0 Common 178 10 178 ⅐	# ⅐ [2150 ]
Š 5 58,64,247,255,90,172,0,30,100,176 Latin 257 0 179 Š	# Š [160 ]A
✕ 0 60,64,228,255,169,224,9,14,194,243 Common 180 10 180 ✕	# ✕ [2715 ]
â 3 0,64,222,255,85,256,0,26,97,256 Latin 181 0 181 â	# â [e2 ]a
□ 0 58,69,182,255,118,238,0,45,132,321 Common 182 10 182 □	# □ [25a1 ]
◼ 0 64,64,255,255,202,202,17,17,238,238 Common 183 10 183 ◼	# ◼ [25fc ]
● 0 35,90,182,255,119,234,4,32,132,253 Common 184 10 184 ●	# ● [25cf ]
± 0 51,92,178,255,113,238,0,29,132,238 Common 185 4 185 ±	# ± [b1 ]
○ 0 35,93,182,255,119,234,4,35,132,253 Common 186 10 186 ○	# ○ [25cb ]
✤ 0 60,61,228,255,169,234,9,28,194,253 Common 187 10 187 ✤	# ✤ [2724 ]
≅ 0 64,108,187,255,128,202,17,24,176,238 Common 188 10 188 ≅	# ≅ [2245 ]
▲ 0 58,69,192,255,118,268,0,51,132,359 Common 189 10 189 ▲	# ▲ [25b2 ]
◯ 0 64,64,255,255,238,238,0,0,238,238 Common 190 10 190 ◯	# ◯ [25ef ]
ž 3 0,255,0,255,69,153,0,32,68,173 Latin 112 0 191 ž	# ž [17e ]a
‚ 22 0,255,0,255,26,107,0,64,54,238 Common 192 10 192 ‚	# ‚ [201a ]p
‘ 22 164,238,233,255,26,83,9,151,54,238 Common 193 10 193 '	# ‘ [2018 ]p
★ 0 38,61,228,255,177,276,0,33,202,298 Common 194 10 194 ★	# ★ [2605 ]
⅙ 0 0,255,0,255,159,266,0,33,177,280 Common 195 10 195 1⁄6	# ⅙ [2159 ]
⅕ 0 53,61,226,255,157,269,0,36,177,280 Common 196 10 196 1⁄5	# ⅕ [2155 ]
Ô 5 0,64,232,255,91,250,0,34,106,258 Latin 163 0 197 Ô	# Ô [d4 ]A
û 3 57,65,222,255,87,286,0,39,100,296 Latin 198 0 198 û	# û [fb ]a
æ 3 0,66,174,232,102,419,0,43,117,427 Latin 204 0 199 æ	# æ [e6 ]a
⁊ 22 59,64,208,230,140,168,4,50,161,238 Common 200 10 200 ⁊	# ⁊ [204a ]p
­ 0 0,255,0,255,0,0,0,0,0,0 Common 201 18 201 ­	# ­ [ad ]
‿ 22 8,104,43,200,106,309,0,48,109,338 Common 202 10 202 ‿	# ‿ [203f ]p
ͤ 0 47,58,142,149,32,44,8,15,40,60 Inherited 203 17 203 ͤ	# ͤ [364 ]
Æ 5 0,68,209,255,106,324,0,32,117,325 Latin 199 0 204 Æ	# Æ [c6 ]A
£ 0 55,66,224,255,88,212,0,35,132,238 Common 205 4 205 £	# £ [a3 ]
β 3 4,67,171,255,89,181,0,73,102,288 Greek 349 0 206 β	# β [3b2 ]a
ϑ 3 50,64,238,255,96,182,0,56,119,270 Greek 207 0 207 θ	# ϑ [3d1 ]a
Π 5 0,70,190,255,92,244,0,56,108,288 Greek 240 0 208 Π	# Π [3a0 ]A
ů 3 57,64,235,255,85,171,0,39,100,179 Latin 209 0 209 ů	# ů [16f ]a
ú 3 0,65,222,255,85,212,0,39,100,212 Latin 210 0 210 ú	# ú [fa ]a
ı 3 62,69,174,241,11,141,0,122,48,293 Latin 43 0 211 ı	# ı [131 ]a
ǒ 3 58,71,233,255,94,153,0,68,113,270 Latin 212 0 212 ǒ	# ǒ [1d2 ]a
î 3 62,69,222,255,58,189,0,42,47,199 Latin 213 0 213 î	# î [ee ]a
ℛ 5 57,61,224,255,177,284,0,9,188,272 Common 214 0 214 R	# ℛ [211b ]A
ℳ 5 51,61,221,255,239,384,2,16,249,359 Common 215 0 215 M	# ℳ [2133 ]A
ũ 3 58,64,221,255,85,170,0,39,100,174 Latin 216 0 216 ũ	# ũ [169 ]a
࿕ 0 0,255,0,255,0,0,0,0,0,0 Common 217 0 217 ࿕	# ࿕ [fd5 ]
✉ 0 64,107,182,242,164,202,9,13,191,222 Common 218 10 218 ✉	# ✉ [2709 ]
ę 3 0,34,189,255,87,179,0,32,98,215 Latin 219 0 219 ę	# ę [119 ]a
ã 3 0,64,224,255,85,279,0,26,97,289 Latin 220 0 220 ã	# ã [e3 ]a
₰ 0 0,255,0,255,0,0,0,0,0,0 Common 221 4 221 ₰	# ₰ [20b0 ]
⅗ 0 53,61,226,255,161,275,0,26,177,280 Common 222 10 222 3⁄5	# ⅗ [2157 ]
⅑ 0 0,255,0,255,0,0,0,0,0,0 Common 223 10 223 ⅑	# ⅑ [2151 ]
÷ 0 47,129,175,255,113,208,2,53,132,238 Common 224 10 224 ÷	# ÷ [f7 ]
č 3 58,64,222,255,85,153,0,36,96,173 Latin 225 0 225 č	# č [10d ]a
₤ 0 59,66,224,255,88,212,0,35,132,238 Common 226 4 226 ₤	# ₤ [20a4 ]
» 22 62,97,169,241,96,232,0,38,116,238 Common 227 10 228 »	# » [bb ]p
« 22 62,97,169,241,96,229,2,45,116,238 Common 228 10 227 «	# « [ab ]p
œ 3 53,69,174,209,104,237,0,42,117,293 Latin 229 0 229 œ	# œ [153 ]a
ù 3 57,66,222,255,85,253,0,39,100,263 Latin 230 0 230 ù	# ù [f9 ]a
 0 0,255,0,255,0,0,0,0,0,0 Unknown 231 0 231 	#  [f2f1 ]
α 3 59,72,188,200,98,175,0,67,102,288 Greek 290 0 232 α	# α [3b1 ]a
⅒ 0 0,255,0,255,0,0,0,0,0,0 Common 233 10 233 ⅒	# ⅒ [2152 ]
õ 3 58,66,224,255,87,194,0,32,98,204 Latin 234 0 234 õ	# õ [f5 ]a
ì 3 62,69,222,255,34,186,0,42,47,197 Latin 235 0 235 ì	# ì [ec ]a
ᵉ 1 134,145,210,234,65,86,0,32,64,136 Latin 236 0 236 ᵉ	# ᵉ [1d49 ]x
ʳ 1 134,172,209,251,45,93,0,44,58,136 Latin 237 0 237 r	# ʳ [2b3 ]x
δ 3 61,67,197,255,88,161,0,75,100,288 Greek 306 0 238 δ	# δ [3b4 ]a
έ 3 55,67,173,255,85,157,0,43,101,178 Greek 239 0 239 έ	# έ [3ad ]a
π 3 20,70,170,200,104,179,0,65,105,288 Greek 208 0 240 π	# π [3c0 ]a
ς 3 4,60,182,213,70,143,0,85,76,270 Greek 241 0 241 ς	# ς [3c2 ]a
ά 3 55,67,173,255,98,175,0,26,102,194 Greek 242 0 242 ά	# ά [3ac ]a
μ 3 6,50,184,204,87,169,0,69,102,288 Greek 243 0 243 μ	# μ [3bc ]a
φ 3 4,70,185,248,69,199,0,75,89,288 Greek 317 0 244 φ	# φ [3c6 ]a
ι 3 32,72,184,214,20,151,0,113,54,288 Greek 245 0 245 ι	# ι [3b9 ]a
χ 3 4,70,185,209,81,175,0,65,89,288 Greek 415 0 246 χ	# χ [3c7 ]a
ύ 3 20,67,192,255,88,203,0,39,101,213 Greek 247 0 247 ύ	# ύ [3cd ]a
ε 3 60,66,187,207,85,151,0,86,101,288 Greek 248 0 248 ε	# ε [3b5 ]a
λ 3 58,70,190,255,78,162,0,69,90,288 Greek 249 0 249 λ	# λ [3bb ]a
ο 3 60,75,188,211,83,158,0,80,100,288 Greek 250 0 250 ο	# ο [3bf ]a
γ 3 4,67,171,202,98,178,0,86,98,288 Greek 401 0 251 γ	# γ [3b3 ]a
å 3 0,64,232,255,85,261,0,26,97,268 Latin 253 0 252 å	# å [e5 ]a
Å 5 63,68,232,255,100,253,0,27,98,261 Latin 252 0 253 Å	# Å [c5 ]A
ĭ 3 62,69,225,255,53,145,0,42,52,173 Latin 254 0 254 ĭ	# ĭ [12d ]a
ě 3 58,64,222,255,87,157,0,32,98,173 Latin 255 0 255 ě	# ě [11b ]a
ý 3 0,64,222,255,87,317,0,25,87,325 Latin 256 0 256 ý	# ý [fd ]a
š 3 58,65,222,255,81,155,0,30,91,173 Latin 179 0 257 š	# š [161 ]a
ń 3 61,68,222,255,87,170,0,25,101,179 Latin 258 0 258 ń	# ń [144 ]a
ẽ 3 58,64,224,255,89,154,0,32,105,173 Latin 259 0 259 ẽ	# ẽ [1ebd ]a
ỹ 3 2,33,224,255,99,199,0,17,112,173 Latin 260 0 260 ỹ	# ỹ [1ef9 ]a
¶ 0 0,44,221,255,88,226,0,64,132,238 Common 261 10 261 ¶	# ¶ [b6 ]
ꝰ 1 0,255,0,255,0,0,0,0,0,0 Latin 262 0 262 ꝰ	# ꝰ [a770 ]x
ᷣ 0 0,255,0,255,0,0,0,0,0,0 Inherited 263 17 263 ᷣ	# ᷣ [1de3 ]
ĩ 3 62,69,219,255,59,145,0,42,49,173 Latin 264 0 264 ĩ	# ĩ [129 ]a
̃ 0 201,253,228,255,1,31,0,0,0,0 Inherited 265 17 265 ̃	# ̃ [303 ]
ð 3 58,66,216,255,78,253,0,82,98,293 Latin 266 0 266 ð	# ð [f0 ]a
ṽ 3 62,68,224,255,107,170,0,32,115,173 Latin 267 0 267 ṽ	# ṽ [1e7d ]a
ꝓ 3 0,255,0,255,0,0,0,0,0,0 Latin 268 0 268 ꝓ	# ꝓ [a753 ]a
̈ 0 223,248,255,255,2,24,0,0,0,0 Inherited 269 17 269 ̈	# ̈ [308 ]
ꝭ 3 0,255,0,255,0,0,0,0,0,0 Latin 270 0 270 ꝭ	# ꝭ [a76d ]a
ÿ 3 0,47,219,254,87,199,0,22,87,230 Latin 271 0 271 ÿ	# ÿ [ff ]a
ꝗ 3 0,255,0,255,0,0,0,0,0,0 Latin 272 0 272 ꝗ	# ꝗ [a757 ]a
ᷓ 0 0,255,0,255,0,0,0,0,0,0 Inherited 273 17 273 ᷓ	# ᷓ [1dd3 ]
ꝑ 3 0,255,0,255,0,0,0,0,0,0 Latin 274 0 274 ꝑ	# ꝑ [a751 ]a
ꝶ 3 0,255,0,255,0,0,0,0,0,0 Latin 275 0 275 ꝶ	# ꝶ [a776 ]a
᷑ 0 0,255,0,255,0,0,0,0,0,0 Inherited 276 17 276 ᷑	# ᷑ [1dd1 ]
ꝙ 3 0,255,0,255,0,0,0,0,0,0 Latin 289 0 277 ꝙ	# ꝙ [a759 ]a
đ 3 49,64,216,255,96,183,0,75,100,293 Latin 278 0 278 đ	# đ [111 ]a
ↄ 3 61,64,192,192,99,115,7,14,120,131 Latin 310 0 279 ↄ	# ↄ [2184 ]a
́ 0 201,252,238,255,1,41,0,0,0,0 Inherited 280 17 280 ́	# ́ [301 ]
Ò 5 0,64,232,255,91,205,0,34,106,218 Latin 157 0 281 Ò	# Ò [d2 ]A
τ 3 22,67,143,209,48,150,0,67,49,288 Greek 352 0 282 τ	# τ [3c4 ]a
ὸ 3 60,65,236,255,101,142,0,18,126,167 Greek 283 0 283 ὸ	# ὸ [1f78 ]a
ῦ 3 60,67,225,253,91,147,0,25,119,167 Greek 284 0 284 ῦ	# ῦ [1fe6 ]a
ν 3 61,75,185,211,83,167,0,80,85,288 Greek 285 0 285 ν	# ν [3bd ]a
ʒ 3 2,67,187,255,88,146,0,25,104,173 Latin 357 0 286 ʒ	# ʒ [292 ]a
ꝝ 3 0,255,0,255,0,0,0,0,0,0 Latin 287 0 287 ꝝ	# ꝝ [a75d ]a
ẜ 3 67,67,241,242,99,99,5,5,113,115 Latin 288 0 288 ẜ	# ẜ [1e9c ]a
Ꝙ 5 0,255,0,255,0,0,0,0,0,0 Latin 277 0 289 Ꝙ	# Ꝙ [a758 ]A
Α 5 39,70,132,255,39,204,0,44,52,288 Greek 232 0 290 Α	# Α [391 ]A
í 3 62,69,222,255,40,279,0,54,47,286 Latin 291 0 291 í	# í [ed ]a
ᴐ 3 64,65,192,192,112,124,0,14,114,140 Latin 292 0 292 ᴐ	# ᴐ [1d10 ]a
ξ 3 4,48,192,255,69,147,0,78,75,288 Greek 293 0 293 ξ	# ξ [3be ]a
ρ 3 4,48,188,202,88,203,0,73,101,288 Greek 294 0 294 ρ	# ρ [3c1 ]a
σ 3 20,64,185,220,97,173,0,74,101,288 Greek 295 0 295 σ	# σ [3c3 ]a
ϖ 3 64,65,188,207,110,222,0,21,119,229 Greek 208 0 296 π	# ϖ [3d6 ]a
κ 3 56,70,185,211,67,168,0,81,81,288 Greek 297 0 297 κ	# κ [3ba ]a
υ 3 39,67,132,197,49,163,0,69,52,288 Greek 298 0 298 υ	# υ [3c5 ]a
ή 3 4,72,197,255,88,196,0,24,102,205 Greek 299 0 299 ή	# ή [3ae ]a
η 3 4,72,187,206,88,196,0,75,102,288 Greek 300 0 300 η	# η [3b7 ]a
ώ 3 20,65,192,255,103,212,0,26,119,230 Greek 301 0 301 ώ	# ώ [3ce ]a
ψ 3 4,48,157,246,99,208,0,62,119,288 Greek 302 0 302 ψ	# ψ [3c8 ]a
Ⅎ 5 64,68,228,250,99,180,0,25,133,178 Latin 308 0 303 Ⅎ	# Ⅎ [2132 ]A
ω 3 20,65,157,196,103,212,0,49,119,288 Greek 373 0 304 ω	# ω [3c9 ]a
θ 3 60,72,198,255,88,158,0,81,100,288 Greek 305 0 305 θ	# θ [3b8 ]a
Δ 5 60,72,130,255,100,188,0,56,100,288 Greek 238 0 306 Δ	# Δ [394 ]A
ί 3 55,72,197,255,27,204,0,75,54,217 Greek 307 0 307 ί	# ί [3af ]a
ⅎ 3 16,67,190,239,95,99,10,15,124,133 Latin 303 0 308 ⅎ	# ⅎ [214e ]a
ἐ 3 63,66,237,255,86,136,0,39,111,167 Greek 309 0 309 ἐ	# ἐ [1f10 ]a
Ↄ 5 61,64,232,242,128,153,9,18,158,171 Latin 279 0 310 Ↄ	# Ↄ [2183 ]A
ζ 3 4,72,197,255,67,203,0,75,75,288 Greek 311 0 311 ζ	# ζ [3b6 ]a
À 5 64,68,232,255,100,209,0,27,98,245 Latin 121 0 312 À	# À [c0 ]A
Ó 5 0,64,232,255,91,276,0,34,106,286 Latin 152 0 313 Ó	# Ó [d3 ]A
ό 3 20,65,192,255,88,172,0,32,100,188 Greek 314 0 314 ό	# ό [3cc ]a
ϟ 3 11,67,195,245,96,135,0,21,119,161 Greek 315 0 315 ϟ	# ϟ [3df ]a
ἀ 3 59,65,237,255,116,171,0,16,132,178 Greek 343 0 316 ἀ	# ἀ [1f00 ]a
Φ 5 0,70,145,255,108,217,0,54,119,288 Greek 244 0 317 Φ	# Φ [3a6 ]A
ϊ 3 20,69,157,254,51,125,0,73,54,173 Greek 318 0 318 ϊ	# ϊ [3ca ]a
ϋ 3 20,67,157,255,88,169,0,39,101,173 Greek 319 0 319 ϋ	# ϋ [3cb ]a
ὁ 3 60,65,239,255,101,142,0,18,126,167 Greek 320 0 320 ὁ	# ὁ [1f41 ]a
ὴ 3 9,25,236,255,91,142,0,24,121,170 Greek 321 0 321 ὴ	# ὴ [1f74 ]a
♀ 0 0,84,223,255,106,187,13,62,132,272 Common 322 10 322 ♀	# ♀ [2640 ]
ђ 3 2,35,220,255,89,161,0,25,105,182 Cyrillic 323 0 323 ђ	# ђ [452 ]a
♂ 0 15,114,226,255,131,231,0,35,132,272 Common 324 10 324 ♂	# ♂ [2642 ]
‣ 22 61,134,192,255,58,152,12,26,103,197 Common 325 10 325 ‣	# ‣ [2023 ]p
ῆ 3 9,25,225,253,91,151,0,24,121,170 Greek 326 0 326 ῆ	# ῆ [1fc6 ]a
ὶ 3 57,67,234,255,54,101,0,60,65,167 Greek 327 0 327 ὶ	# ὶ [1f76 ]a
˖ 0 0,90,23,163,73,86,9,26,104,106 Common 328 10 328 ˖	# ˖ [2d6 ]
ὀ 3 60,65,237,255,101,142,0,18,126,167 Greek 329 0 329 ὀ	# ὀ [1f40 ]a
ὰ 3 55,65,227,255,101,171,0,17,126,178 Greek 330 0 330 ὰ	# ὰ [1f70 ]a
℔ 0 56,61,233,255,196,235,0,23,216,238 Common 331 10 331 ℔	# ℔ [2114 ]
” 22 167,238,233,255,63,187,2,77,88,238 Common 332 10 332 "	# ” [201d ]p
– 22 117,171,135,194,88,208,0,50,109,238 Common 333 10 333 -	# – [2013 ]p
⏓ 0 0,255,0,255,0,0,0,0,0,0 Common 334 10 334 ⏓	# ⏓ [23d3 ]
⏑ 0 0,255,0,255,0,0,0,0,0,0 Common 335 10 335 ⏑	# ⏑ [23d1 ]
‟ 22 167,216,233,255,63,168,8,86,88,238 Common 336 10 336 "	# ‟ [201f ]p
‛ 22 164,235,233,255,26,83,9,151,54,238 Common 337 10 337 '	# ‛ [201b ]p
ἑ 3 63,66,239,255,86,136,0,39,111,167 Greek 338 0 338 ἑ	# ἑ [1f11 ]a
ϱ 3 7,22,188,195,99,156,0,22,122,165 Greek 339 0 339 ρ	# ϱ [3f1 ]a
ῳ 3 0,21,187,192,119,212,0,18,132,222 Greek 340 0 340 ῳ	# ῳ [1ff3 ]a
᾽ 0 193,229,244,255,16,53,0,59,60,132 Greek 341 10 341 ᾽	# ᾽ [1fbd ]
ϰ 3 52,65,188,204,106,156,0,12,128,165 Greek 342 0 342 κ	# ϰ [3f0 ]a
Ἀ 5 63,68,229,255,113,185,0,7,132,189 Greek 316 0 343 Ἀ	# Ἀ [1f08 ]A
№ 0 0,255,0,255,123,400,0,29,132,413 Common 344 10 344 No	# № [2116 ]
ἰ 3 57,67,236,255,41,98,0,60,65,167 Greek 347 0 345 ἰ	# ἰ [1f30 ]a
͗ 0 199,205,241,255,21,32,0,66,32,131 Inherited 346 17 346 ͗	# ͗ [357 ]
Ἰ 5 63,68,229,255,48,153,0,15,53,167 Greek 345 0 347 Ἰ	# Ἰ [1f38 ]A
є 3 57,64,192,198,79,156,2,38,99,182 Cyrillic 348 0 348 є	# є [454 ]a
Β 5 60,72,132,255,92,189,0,62,93,288 Greek 206 0 349 Β	# Β [392 ]A
ἄ 3 59,65,237,255,116,171,0,16,132,178 Greek 350 0 350 ἄ	# ἄ [1f04 ]a
ὐ 3 60,67,236,255,91,147,0,25,119,167 Greek 351 0 351 ὐ	# ὐ [1f50 ]a
Τ 5 0,70,143,255,86,196,0,48,89,288 Greek 282 0 352 Τ	# Τ [3a4 ]A
∙ 0 64,172,167,223,32,137,12,110,82,238 Common 353 10 353 ∙	# ∙ [2219 ]
∘ 0 82,117,173,236,91,120,19,59,137,238 Common 354 10 354 ∘	# ∘ [2218 ]
Ç 5 0,64,217,255,87,286,0,32,107,296 Latin 124 0 355 Ç	# Ç [c7 ]A
ł 3 62,68,216,255,50,166,0,92,51,293 Latin 356 0 356 ł	# ł [142 ]a
Ʒ 5 50,64,228,255,106,191,0,25,122,173 Latin 286 0 357 Ʒ	# Ʒ [1b7 ]A
̊ 0 220,252,255,255,2,21,0,0,0,0 Inherited 358 17 358 ̊	# ̊ [30a ]
ḡ 3 2,33,211,247,102,176,0,28,119,173 Latin 359 0 359 ḡ	# ḡ [1e21 ]a
ͥ 0 64,72,108,124,76,95,0,0,76,93 Inherited 360 17 360 ͥ	# ͥ [365 ]
∢ 0 56,71,200,223,125,136,17,36,164,176 Common 361 10 361 ∢	# ∢ [2222 ]
♎ 0 64,64,228,228,350,350,9,9,369,369 Common 362 10 362 ♎	# ♎ [264e ]
√ 0 16,64,237,255,134,282,0,32,132,238 Common 363 10 363 √	# √ [221a ]
⚃ 0 64,64,192,192,129,129,5,5,140,140 Common 364 10 364 ⚃	# ⚃ [2683 ]
♋ 0 64,64,255,255,304,304,9,9,326,326 Common 365 10 365 ♋	# ♋ [264b ]
⊕ 0 35,64,195,255,134,224,4,33,176,246 Common 366 10 366 ⊕	# ⊕ [2295 ]
♱ 0 64,64,255,255,190,190,28,28,248,248 Common 367 10 367 ♱	# ♱ [2671 ]
⧉ 0 0,255,0,255,0,0,0,0,0,0 Common 368 10 368 ⧉	# ⧉ [29c9 ]
✠ 0 83,92,201,255,118,166,9,19,144,185 Common 369 10 369 ✠	# ✠ [2720 ]
⚖ 0 64,64,195,195,136,136,1,1,140,140 Common 370 10 370 ⚖	# ⚖ [2696 ]
Ƨ 5 58,64,232,254,98,169,0,26,115,173 Latin 371 0 371 Ƨ	# Ƨ [1a7 ]A
☾ 0 36,36,252,252,132,132,16,16,248,248 Common 372 10 372 ☾	# ☾ [263e ]
Ω 5 20,70,157,255,98,233,0,49,110,288 Greek 304 0 373 Ω	# Ω [3a9 ]A
✝ 0 64,64,223,255,109,140,9,31,136,159 Common 374 10 374 ✝	# ✝ [271d ]
‰ 22 54,66,224,255,132,373,0,56,132,389 Common 375 4 375 ‰	# ‰ [2030 ]p
◬ 0 64,64,245,245,214,214,11,11,238,238 Common 376 10 376 ◬	# ◬ [25ec ]
▽ 0 58,64,225,245,170,214,11,17,204,238 Common 377 10 377 ▽	# ▽ [25bd ]
⁕ 22 0,255,0,255,0,0,0,0,0,0 Common 378 10 378 ⁕	# ⁕ [2055 ]p
″ 22 170,232,233,255,93,208,4,95,119,238 Common 379 4 379 ''	# ″ [2033 ]p
∡ 0 25,64,192,240,125,154,17,23,164,176 Common 380 10 380 ∡	# ∡ [2221 ]
♉ 0 60,60,255,255,169,169,36,36,258,258 Common 381 10 381 ♉	# ♉ [2649 ]
ē 3 58,64,212,247,87,157,0,32,98,188 Latin 382 0 382 ē	# ē [113 ]a
̅ 0 236,237,238,255,38,45,0,0,0,0 Inherited 383 17 383 ̅	# ̅ [305 ]
ū 3 57,64,212,247,85,187,0,39,100,208 Latin 384 0 384 ū	# ū [16b ]a
ͦ 0 64,72,108,124,92,114,0,0,90,116 Inherited 385 17 385 ͦ	# ͦ [366 ]
☞ 0 64,105,150,255,191,282,9,21,217,301 Common 386 10 386 ☞	# ☞ [261e ]
ď 3 57,64,216,255,106,230,0,28,117,213 Latin 387 0 387 ď	# ď [10f ]a
ἦ 3 9,25,244,255,91,157,0,24,121,170 Greek 388 0 388 ἦ	# ἦ [1f26 ]a
ā 3 58,64,212,247,85,164,0,26,97,185 Latin 389 0 389 ā	# ā [101 ]a
ŏ 3 58,64,225,255,87,153,0,32,98,173 Latin 390 0 390 ŏ	# ŏ [14f ]a
ă 3 0,64,201,255,85,187,0,26,97,208 Latin 391 0 391 ă	# ă [103 ]a
ĕ 3 58,64,225,255,87,154,0,32,98,173 Latin 392 0 392 ĕ	# ĕ [115 ]a
ḥ 3 2,30,209,255,87,187,0,25,117,208 Latin 393 0 393 ḥ	# ḥ [1e25 ]a
ṭ 3 2,30,209,254,57,167,0,34,64,180 Latin 394 0 394 ṭ	# ṭ [1e6d ]a
ב 1 64,69,192,255,113,202,0,29,124,238 Hebrew 395 1 395 ב	# ב [5d1 ]x
ר 1 62,64,192,255,86,231,3,71,113,238 Hebrew 396 1 396 ר	# ר [5e8 ]x
א 1 60,66,195,255,113,294,0,41,132,238 Hebrew 397 1 397 א	# א [5d0 ]x
ש 1 59,69,195,255,123,250,0,47,132,270 Hebrew 398 1 398 ש	# ש [5e9 ]x
י 1 98,171,195,255,31,120,0,107,65,238 Hebrew 399 1 399 י	# י [5d9 ]x
ת 1 62,64,192,255,114,309,0,32,132,245 Hebrew 400 1 400 ת	# ת [5ea ]x
Γ 5 59,75,132,255,64,193,0,69,75,288 Greek 251 0 401 Γ	# Γ [393 ]A
ᴵ 1 134,143,231,255,17,81,0,39,36,136 Latin 402 0 402 ᴵ	# ᴵ [1d35 ]x
ᵒ 1 134,145,210,236,68,91,0,34,80,136 Latin 403 0 403 ᵒ	# ᵒ [1d52 ]x
ἱ 3 57,67,237,255,43,98,0,60,65,167 Greek 404 0 404 ἱ	# ἱ [1f31 ]a
ὺ 3 60,67,234,255,91,147,0,25,119,167 Greek 405 0 405 ὺ	# ὺ [1f7a ]a
ὲ 3 53,66,227,255,86,136,0,39,111,167 Greek 406 0 406 ὲ	# ὲ [1f72 ]a
ὤ 3 60,65,237,255,119,212,0,18,132,222 Greek 407 0 407 ὤ	# ὤ [1f64 ]a
ὥ 3 60,65,239,255,119,212,0,18,132,222 Greek 408 0 408 ὥ	# ὥ [1f65 ]a
ἷ 3 57,67,244,255,61,129,0,60,65,167 Greek 409 0 409 ἷ	# ἷ [1f37 ]a
⅟ 0 57,81,226,255,136,231,0,65,84,280 Common 410 10 410 1⁄	# ⅟ [215f ]
ἡ 3 9,25,239,255,91,142,0,24,121,170 Greek 411 0 411 ἡ	# ἡ [1f21 ]a
ἢ 3 9,25,237,255,91,142,0,24,121,170 Greek 412 0 412 ἢ	# ἢ [1f22 ]a
ῴ 3 0,21,238,255,119,212,0,18,132,249 Greek 413 0 413 ῴ	# ῴ [1ff4 ]a
ἴ 3 57,67,236,255,62,112,0,58,65,167 Greek 414 0 414 ἴ	# ἴ [1f34 ]a
Χ 5 0,70,145,255,96,223,0,43,94,288 Greek 246 0 415 Χ	# Χ [3a7 ]A
ῶ 3 60,65,225,251,119,212,0,18,132,222 Greek 416 0 416 ῶ	# ῶ [1ff6 ]a
ל 1 60,71,236,255,93,263,0,71,118,238 Hebrew 417 1 417 ל	# ל [5dc ]x
ῖ 3 57,67,219,253,62,115,0,46,65,167 Greek 418 0 418 ῖ	# ῖ [1fd6 ]a
ῃ 3 0,21,187,192,93,163,0,23,121,170 Greek 419 0 419 ῃ	# ῃ [1fc3 ]a
ɹ 3 0,255,0,255,0,0,0,0,0,0 Latin 420 0 420 ɹ	# ɹ [279 ]a
✽ 0 0,255,0,255,0,0,0,0,0,0 Common 421 10 421 ✽	# ✽ [273d ]
 0 0,255,0,255,0,0,0,0,0,0 Unknown 422 0 422 	#  [f2f6 ]
✶ 0 0,255,0,255,0,0,0,0,0,0 Common 423 10 423 ✶	# ✶ [2736 ]
